159
131,231
76
122
214
181
125
5,17,37,43,48,72,98,101,109,118,142,148,187,195,246,270,294
60
253
85,142
138,179
6,7,12,53,64,89,93,109,123,151,163,182,202,207,210,243,259,287
5,7,18,23,111,127,142,155,163,202,218,244,276,279,287,290
17
1,179,213
225
286
33
89,224,271
228
93
5,6,8,17,18,22,24,33,40,41,43,44,45,53,59,64,70,72,76,80,84,86,90,97,102,109,111,120,127,130,133,142,144,148,160,161,163,175,176,192,195,197,198,201,213,214,226,227,230,234,239,241,245,248,250,252,253,257,261,263,264,266,270,273,283,290,291,296,298,301
37
5,6,19,23,24,28,29,35,38,45,47,48,50,54,58,85,93,101,103,104,105,111,120,121,122,125,129,130,131,133,138,140,141,142,150,154,164,169,170,178,180,182,192,193,194,211,213,214,216,218,220,221,222,225,226,229,231,239,241,243,250,251,253,255,256,257,271,273,274,278,286,287,301
1,66,69,191,192,209,222
269
1,2,5,7,9,12,13,17,19,20,21,36,37,39,56,61,63,64,71,88,93,96,97,102,104,105,108,114,116,120,122,124,125,126,127,131,132,133,137,140,142,144,146,147,148,149,150,153,154,158,159,160,166,172,176,180,188,194,195,197,198,202,205,213,214,216,218,219,225,233,238,239,256,257,268,270,272,276,279,284,285,286,291,298,301,302
5,6,13,41,48,52,120,125,127,133,147,167,201,228,253,299
200
146,163,216
250,296
197
39,53,160
213
23
17
1,5,16,17,19,23,24,25,36,37,41,46,47,50,51,52,58,60,64,69,71,76,82,86,87,95,98,102,105,109,111,116,119,123,125,127,130,133,142,147,150,154,155,160,163,166,168,176,181,183,184,192,195,196,197,203,208,213,216,218,222,224,228,229,233,234,238,239,241,242,246,248,250,253,254,255,263,264,266,268,269,271,272,279,283,286,294,300,301
69
239
80
5,6,17,21,33,41,45,54,56,62,66,69,79,80,98,104,108,111,119,121,122,123,124,125,129,130,133,142,148,162,168,170,178,181,186,197,200,202,207,211,224,225,232,236,255,256,265,270,271,275,289,294
90,99,111,124,192,249
7,89,130,191,211
233
15
221
5,20,34,49,111,125,157,159,172,174,202,246
13
5,25,51,65,81,89,90,96,97,111,130,133,146,162,166,211,216,228,239,241,250,272,274,300
1,131,160,255
171
4,9,17,19,21,23,25,37,42,52,55,72,75,97,98,99,100,108,111,115,118,119,120,121,122,124,125,127,129,134,139,142,144,150,154,155,156,160,166,170,171,176,180,187,195,199,205,207,228,230,232,233,234,235,246,250,253,255,261,265,268,269,285,287,291,299
2,5,6,7,10,13,33,34,40,42,72,77,85,86,90,102,109,110,111,119,133,134,142,144,164,168,172,176,197,202,218,233,234,239,264,277,278,287,289,292,295,296
5,64,120,192
17
77
142
73
17,25,48,50,86,88,95,102,117,125,131,132,138,154,159,168,178,180,182,194,197,243
130
37,184
154,274
107
201
207
41
1,2,5,7,10,13,18,20,23,24,25,35,41,44,46,48,49,50,52,53,64,75,76,80,83,84,89,90,97,98,102,103,108,109,111,112,117,119,121,122,123,124,125,128,131,132,138,139,142,144,146,147,149,162,164,166,167,170,171,181,185,186,195,199,202,205,209,211,212,213,217,218,222,227,228,233,235,239,241,243,244,246,249,257,259,260,262,279,286,299
144,154,159
66
48
242
228
276
113,171
120
148
45,272
1,9,19,33,39,43,54,55,66,77,81,87,96,99,101,116,123,124,125,132,134,150,154,156,159,166,167,178,181,185,187,199,200,216,222,224,227,253,260,285,291,300
87,124,166
26,123
47,159,212
40
1,5,13,17,28,29,56,80,81,97,100,105,111,117,119,125,132,142,143,148,153,154,174,175,182,211,213,218,221,236,237,250,264,270,282,291,295,302
229
35,76,89,119,120,121,125,133,146,148,154,174,202,218,220,224,232,241,246,250,270,296
4,6,7,9,13,18,30,46,49,50,55,58,62,66,69,77,92,98,102,104,105,113,117,121,124,125,130,133,134,142,146,153,154,155,157,158,166,167,176,178,179,198,200,202,205,208,224,233,235,236,238,254,266,272,276,277,280,286,289,294,300,302
255
206,253
289
1,5,6,9,22,24,28,33,34,35,37,38,40,45,46,49,53,58,60,64,65,66,67,68,73,76,77,82,87,109,110,111,117,118,120,121,125,127,132,134,138,142,146,150,154,155,158,159,168,174,175,177,183,191,195,197,200,202,211,214,231,232,233,241,242,257,263,270,271,274,285,287,292,300,301
72
213
5,6,14,29,33,53,61,75,76,82,116,122,133,155,160,161,200,202,211,239,259,262,271,290,301
31
239
87,133,207
271
133,147
142
215,276
171,196
50,195
209
72,80,249,279
168
154
271
18,21,47,48,52,56,81,86,111,181,199,202,233,239,271
56,211
33,41,47,60,89,111,120,123,133,165,170,176,197,199,205,222,224,226,227,248,256,264,287
113
1,2,5,17,18,44,51,61,65,81,87,91,101,109,110,113,122,127,128,133,142,150,152,157,164,168,171,177,194,198,199,201,208,233,243,249,250,255,285,286,291,293,296,301
3,52,86,99,142,202,224,233,253,256,280
258,284
142
155,180,199
5,6,17,43,52,64,73,80,97,107,109,120,124,127,139,142,146,155,162,167,171,172,192,205,211,220,241,243,247,253,274,276,290,299
1,2,6,10,18,24,32,35,37,40,47,54,55,71,81,87,88,90,93,94,97,113,118,120,123,124,130,133,144,148,149,157,160,166,176,185,198,202,208,209,213,214,233,235,242,261,271,293
7
289
162,166,168
1,5,9,16,17,21,24,28,29,38,54,60,61,67,68,74,76,77,80,81,96,102,112,121,122,125,132,133,160,167,169,172,174,197,198,199,200,202,208,212,213,214,217,226,239,241,253,256,261,278,284,286
17,142,150
1,7,25,34,41,43,62,67,80,97,98,105,108,117,144,146,154,182,193,209,218,231,242,253,255,273,286,296,301,302
4,5,10,17,18,28,32,33,34,42,46,49,52,59,60,62,69,73,82,83,85,86,88,90,101,104,113,119,120,122,124,128,130,136,142,165,168,169,170,174,176,184,191,199,202,206,207,209,213,216,218,219,222,226,229,231,233,235,236,237,238,245,249,250,253,261,263,271,274,277,285,286,290,291,295,301,302
287
263
81,125,239
48
131
42,63,129,157,178
4,7,10,11,14,20,21,38,39,40,43,51,65,70,71,75,80,81,84,94,97,99,112,121,127,133,140,142,147,158,162,168,175,179,186,195,202,216,218,220,227,228,242,244,245,262,283,291,298,300
5,12,18,32,33,86,87,100,113,122,133,137,141,153,155,164,166,202,207,213,222,227,231,236,242,248,256,267,269,270,298,300,301
2,7,15,17,21,25,36,65,69,76,96,99,102,109,111,113,116,117,118,122,132,134,154,167,192,198,199,205,214,224,227,232,233,242,253,257,260,265,274,287
119,133,299
253
64
1,87,111,140,164,167,170,190,211,224,239,244,246,269,271,284,290
164
149,250
89
5,8,29,35,39,40,42,45,50,54,62,85,119,124,127,132,133,140,142,159,184,188,194,202,214,231,236,239,247,256,266,272,280,284,285,290,301
5,17,18,33,52,54,55,62,64,92,93,102,161,179,183,202,209,237,242,250,264,276,286,289
7,20,32,52,85,87,95,97,105,106,133,144,207,218,219,221,243,278,284,286
17,22,28,35,42,47,58,64,65,80,116,119,125,126,160,168,207,225,228,230,234,243,253,260,290
294
200
119
4
146,160
7,20,34,43,51,76,88,95,99,105,117,123,125,127,131,138,144,146,159,160,172,174,193,202,216,218,226,227,233,242,243,273,299
201
3,8,9,11,14,15,16,20,24,27,30,31,35,39,40,44,47,48,49,51,57,63,66,71,74,78,79,82,83,84,86,89,91,92,94,102,103,104,106,107,108,109,112,114,115,117,120,125,126,128,135,136,137,143,144,145,146,148,149,151,152,155,156,158,161,169,173,177,179,180,181,183,184,187,189,190,191,193,196,201,203,204,206,208,209,210,212,214,215,220,223,225,231,237,240,241,247,248,249,251,252,255,257,258,261,262,264,265,266,267,269,275,281,287,288,292,293,295,298,303
4,101
98
76
26,49,65,87,111,127,159,176,239,271
225,301
167
123,269,280
7,39,45,86,98,124,130,131,133,166,175,197,219,229,267,286,300,301
222
294,301
169
12,24,105,155,156,172,211,218,243,255,264,271
10
6,9,13,17,21,23,25,26,27,31,32,33,38,40,41,43,44,45,46,50,52,54,66,70,73,76,77,84,85,87,90,95,98,100,101,104,105,107,116,118,119,122,123,124,125,127,130,131,133,135,138,139,141,142,150,157,158,162,165,167,168,171,174,175,176,180,182,184,185,186,192,197,198,206,207,208,213,217,218,220,223,225,228,229,231,234,237,241,246,249,250,251,253,257,258,261,263,266,268,270,273,280,286,287,291,293,300,302
301
36,48,49,56,111,132,163,170,197,208,211,239,241,243,271
233
29,33,73,111,140,161,167,170
220
231
50,228
5,6,35,185,202,258,288
134,231
239
10
40
138
197
22
5,88
29,34,60,75,105,133,146,150,173,218,264
55
17,181,226,289
158
61
179
222
77,155
42
141
133
76,141,142,218,238,248
108,121
39
250
227
13,207,285
19,97,116,133,174,179,268,277
18,247
23,133,193
17,64,82
21,296
82,236,286
41,47
84,86,97,111,229,294
150,154
280
176,201,277
184
65,139,256,271
220
125
1,4,7,9,10,21,23,33,37,42,46,49,50,51,62,64,72,92,96,101,102,113,125,130,138,140,142,143,144,160,165,170,185,199,211,217,228,233,239,246,250,253,261,271,274,278,279,282,299
7,9,17,18,19,22,23,25,28,33,34,35,36,38,39,40,42,43,46,58,63,64,67,75,80,81,82,84,87,88,92,94,95,96,98,100,102,104,105,107,108,109,110,111,116,119,121,122,125,127,132,133,139,142,144,146,150,153,154,155,157,166,168,172,174,175,183,188,195,201,207,211,216,218,220,222,224,225,232,233,236,238,239,240,242,243,245,246,263,264,271,272,278,280,283,285,286,291,294,295,297,299,301
66
216
80,220,271
213
1,4,5,6,7,9,12,13,17,22,24,25,26,33,40,41,42,43,45,54,66,67,68,69,72,81,84,87,90,93,95,97,102,109,111,116,122,123,128,130,133,134,138,141,142,146,147,150,153,154,155,157,170,172,183,184,191,195,199,213,216,221,222,230,233,236,248,252,253,258,259,260,261,271,278,283,284,285,286,289,290,291,296,297,301
246
236
17,35,68,97,105,117,125,133,148,168,195,211,214,218,224,241,242,252,278,296
201,253
5,7,33,46,53,60,102,122,127,168,170,172,202,211,231,235,255,260,264,265,278,280,296,301
35
65,69,77,81,116,118,124,186,234,256,257,270,276,301
199
19,124
238
180
125,217
19,25,142,176,199
128,166
197,214
2,6,7,12,17,21,23,33,35,38,39,43,49,53,60,76,80,81,84,85,90,116,120,122,124,125,127,130,133,139,141,142,147,149,150,154,158,166,167,171,172,176,178,188,192,196,202,207,211,216,217,218,228,233,237,238,239,242,243,244,249,250,251,256,257,261,263,266,273,274,280,284,286,299,301
133,162,232
17,18,36,39,65,80,93,109,127,142,160,168,175,195,197,203,207,218,229,237,265,274,286,302
5,23,24,34,59,73,110,119,124,147,154,174,202,218,249,251,263,287,295
253,285
111
5,6,7,17,18,28,32,34,41,46,51,52,55,58,62,67,72,73,75,76,78,80,81,87,89,90,96,117,119,123,124,125,130,133,139,140,142,148,150,153,166,172,174,176,180,183,184,188,194,202,205,208,212,227,232,234,239,243,248,251,254,256,257,261,265,269,271,273,279,280,281,283,284,286,289,294,298,301
8,53,101,111,133,138,170,239,252,270,271,298
141
254
77,197,277
1,4,5,7,17,29,37,40,42,49,50,64,65,72,76,77,86,95,118,119,123,125,127,129,133,147,149,153,154,158,166,179,197,207,218,220,221,224,225,226,228,229,241,255,260,261,262,264,265,269,272,274,278,279,294,296,300,301
24
142
1,3,54,81,88,97,105,111,159,160,172,174,176,218,231,241,256,266,302
12,162,168,242
2,7,8,12,21,26,41,47,50,51,59,71,75,87,88,89,105,119,125,127,132,133,140,144,147,162,167,172,176,182,188,197,201,218,219,221,227,232,239,246,248,250,253,256,257,259,260,261,263,264,284,286,294
147,209
232,289
1,2,5,6,7,17,18,24,29,32,46,52,61,62,66,69,72,73,80,84,89,90,93,99,102,107,108,111,117,121,122,124,125,126,132,133,134,142,143,156,159,160,166,168,172,175,176,178,180,184,191,192,194,197,202,205,211,213,220,223,224,225,233,235,245,250,260,265,278,279,283,285,286,290,291,292,294,296,299,301
12,20,42,48,49,52,86,109,111,117,125,133,142,154,172,193,200,229,237,242,255,260
272
7,9,14,17,23,25,30,32,35,37,38,40,45,48,49,54,75,77,87,93,98,101,102,104,111,113,125,126,127,133,136,142,149,150,151,154,170,172,176,179,185,190,196,197,198,200,201,204,207,209,211,218,221,227,229,235,238,241,243,253,257,263,269,271,273,276,277,279,280,284,286,291,294,303
180
59,65,73,116,221,240,260,264
51,82,95,178
81
291
1,13,21,22,47,54,59,70,85,119,121,140,143,154,166,167,169,185,198,229,260,263,271,299
7,19,23,26,35,39,40,42,45,47,48,49,53,56,64,65,67,68,73,76,78,81,82,83,84,88,93,96,97,105,111,113,116,118,122,125,130,131,133,143,146,147,148,150,153,154,172,183,188,189,191,194,195,206,207,209,211,217,219,228,233,239,242,248,251,253,254,257,266,269,270,271,272,277,290,301
33,239
42,280
276,283
93
26,68,81,87,98,105,119,133,182,218,283,286
4,34,36,65,111,116,145,153,166,174,209,228,234,240,252,260,287,297
195
45,52,192,217
38,165,235
7,75
217,278
5,89,95,121,142,167,211,274,283,286
296
62,161
140,167
6
23,25
6,123
1,5,7,13,17,18,24,28,34,35,38,44,45,59,61,73,81,84,88,92,101,114,116,118,125,130,132,133,134,142,143,150,154,155,165,167,176,181,183,194,195,197,201,202,208,209,215,216,218,220,222,229,233,239,244,250,255,256,258,263,266,270,276,280,288,289,294,299
233
217
1,22
213
104
29,131,142,191,205,232
280
49
9,13,34,41,47,55,62,77,84,85,125,130,140,142,146,158,166,167,174,181,182,186,212,216,218,222,231,239,252,255,259,264,265,269,286
262
228,301
12,68
7,40,111,165,174
150
176
93
33,97,101,228,253,286
295,302
2,17,31,32,43,47,62,68,75,80,82,85,111,127,163,170,181,183,195,197,198,207,218,239,243,249,286,301
17,22,54,55,59,61,105,131,133,139,141,164,211,213,253,257,266,271,278,286,296
38
9,289
142
183
77
5,13,17,18,19,25,26,28,39,45,47,54,62,69,76,80,97,111,120,122,124,127,130,132,134,142,154,159,160,164,166,167,170,171,174,176,184,185,187,198,201,205,211,213,219,222,224,228,231,233,239,243,253,263,269,272,273,274,278,286,287,291,294,296,300,303
29,211
1,5,7,10,17,52,62,66,69,76,85,88,93,100,107,117,119,133,150,153,154,157,163,202,218,222,236,252,253,289
125,232
111
46,62,217,225,270
284
17,34,100,107,147,181,185,278
226,236
265
124
28,37
185
197
33,59,111,122,125,134,138,141,155,158,164,170,173,208,239,256,265,289,296
28
34
301
1,6,7,10,13,17,19,23,25,26,29,34,49,75,90,102,107,125,130,142,144,151,156,157,160,166,176,202,205,222,224,237,253,266,267,301
43
108,133
45
180
210
110
13,268
120,300
227
134,160
230
151,207
13,17,19,24,32,45,81,107,116,151,154,160,171,176,198,207,213,218,287,288,290
88
125
10,13
24
213
1,7,13,32,40,42,50,62,64,70,73,76,96,105,107,113,119,120,123,124,125,127,130,131,132,133,136,138,142,152,154,158,160,163,166,167,170,174,175,176,179,187,194,198,199,200,211,213,216,217,218,221,222,223,224,228,231,232,233,234,235,236,238,239,242,244,245,253,254,256,257,264,265,268,270,272,279,286,290,299,302
87,130
241
195
5,6,9,10,17,18,23,29,32,33,42,53,81,85,93,98,102,114,119,125,131,133,149,160,162,167,170,176,179,199,202,211,223,224,228,230,235,246,285,289,290,291,298
142,188,217,250,269
166
132
9,17,19,22,29,33,39,42,45,72,75,80,81,97,102,105,111,119,124,130,152,160,166,182,191,192,197,198,200,205,207,233,245,248,253,260,262,271,272,273,298,299
40
1,271
50
233
271
221,250
5,13,150
235
33,44,53,87,93,116,141,160,211
1,50,90,100,113,116,119,123,130,142,166,176,223,231,249,268,280,291
84
294
116,133,149,158,163,182,190,207,218,238,248,254,267,269,301
7,9,25,26,31,45,52,62,68,73,125,133,144,145,153,161,165,166,167,171,182,185,203,216,222,230,232,233,244,257,267,269,282,283,294,301
1,3,5,18,25,33,48,50,52,62,89,95,107,120,121,133,141,142,152,153,154,155,164,168,192,195,197,201,202,226,227,228,234,236,278,279,286,287,289,294,302
185
138,269
142
6,80
87
233
5
50
21,99,111,170,239,243,244,253,255
117,144
108
107
5,17,90,148,202,234
49
34,72
94
2
16
111
101,198,246
98
1,13,19,23,29,32,34,37,39,42,56,69,75,81,85,97,108,116,124,127,129,133,134,142,146,148,150,160,167,171,174,175,176,179,208,211,213,221,225,227,231,243,246,249,253,257,260,263,264,271,283,286,289,294,297,298
5,12,13,21,23,25,37,46,56,64,65,66,81,87,90,101,109,123,125,127,130,133,138,139,151,162,167,168,195,213,214,232,248,256,267,271,277,280,289,299,301
82,83,110,125,195,230,236,276,300
23,49,102,133,166,176,180,271,274
130,253
201
121
168
117
6,93,124
239
72,111,133,200,245
80
217
109,211
100
7,13,43,51,75,104,113,125,137,176,218,233,299
7,18,24,33,41,60,65,86,105,121,131,140,154,159,167,170,176,198,199,218,234,239,245,246,254,297,301
5,23,64,77,79,219,231,235,255,276
5,6,7,8,13,17,19,20,25,26,33,36,39,48,58,60,61,66,67,71,98,105,113,119,124,125,130,131,133,134,142,144,145,164,170,171,174,176,182,185,195,201,202,203,205,208,211,215,222,228,233,235,251,256,258,259,260,270,271,273,276,280,282,283,294,296,299
77,174
255
36
175
13
199
218
100,163
70
134
233
75
25,185
195,270
72
289
167
1,10,17,52,54,87,105,133,142,154,208,215,218,221,255,286
176
190
65,116,154,211,232
17,20,185,269
5,29,45,81,85,127,157,197,202
113,166
1,2,5,7,17,18,29,33,36,46,55,58,84,93,95,98,107,112,113,116,119,122,123,124,125,127,131,133,139,141,142,144,146,147,154,157,160,167,168,174,175,192,200,201,202,206,209,211,226,228,230,233,242,253,254,256,259,261,262,273,276,277,279,284,295,300,301
52,69,122
253
81,205
297
205
224
1,25,65,75,76,88,116,179,180,257,271
130
2,6,57,87,111,166,170,217,219,233,236,244,251,253,265,279
82,197
97
34
133
142,238
33,125,267,291
253
50,165,170,207
122
198
17,19,21,221
50,64,87,92,105,116,125,142,144,253
157
118
243
160
165
32
157
2,5,6,7,13,14,17,25,26,33,37,39,41,43,45,46,47,48,51,58,61,65,66,70,72,76,81,85,95,105,110,111,116,117,119,121,127,133,134,140,141,142,147,150,155,165,167,179,180,186,191,198,205,207,209,213,214,216,222,228,235,238,242,246,253,261,269,274,282,284,285,286,288,289,290,294,301
201
4,7,13,17,20,27,35,40,42,48,64,65,73,81,85,102,107,111,116,118,130,132,137,139,142,144,147,148,150,163,164,166,168,170,174,176,177,180,182,185,188,197,218,219,222,224,227,239,244,246,261,271
227
81,138,155,167,207
265
38
5,42,60,65,84,108,116,172,178,199,234,243,246,285
253,271
301
8,232,301
17
49,105,116,200
135,168,233
17,286
168
93
134
75
43
133
105,130,142,155,182,211,245,297,301
154
172
1,2,4,6,7,11,12,17,18,20,21,26,32,34,39,42,45,46,50,56,58,63,68,71,75,76,77,81,84,85,87,97,98,99,101,104,108,110,111,115,119,120,121,125,127,131,132,137,139,140,142,148,150,154,157,160,162,165,166,167,168,170,174,175,176,177,178,182,187,188,197,198,200,202,210,211,213,214,216,219,220,226,232,234,235,236,237,238,239,243,246,249,253,261,262,263,264,271,273,277,280,283,286,287,290,291,296,297,301
7,16,26,29,40,47,51,52,60,61,64,70,93,100,120,127,130,138,142,146,172,176,197,214,218,225,227,260,279,286,294,299,303
5,6,17,25,26,30,55,60,67,71,104,111,120,125,137,141,154,155,163,166,167,178,181,189,192,197,202,207,216,217,218,242,243,245,267,271,276,286,300,301
122
72,132,141,169,233
1,54,81,86,95,97,116,129,139,144,146,149,154,155,160,178,195,199,213,216,221,236,242,263,269,271,279,281,301
106
17,29,34,47,65,68,77,86,92,99,116,122,133,142,162,167,174,179,206,207,225,229,233,254,259,260,265,282,283,300,302
124
5,17,23,29,32,35,40,42,56,64,66,73,93,95,97,98,99,101,102,105,107,111,117,123,129,131,133,139,142,147,148,154,159,161,162,164,165,172,174,178,182,191,197,202,204,205,208,211,221,222,224,233,234,242,250,251,253,256,264,272,274,277,280,283,294,297,301
102
253,282
147
76
1,7,16,20,21,25,33,34,46,51,55,56,60,67,76,80,81,84,87,90,98,100,102,104,111,124,125,130,131,133,139,140,141,149,156,158,160,163,170,172,174,183,185,188,190,191,195,196,197,201,207,211,212,213,216,220,222,231,233,236,238,239,241,243,251,255,264,267,271,277,283,289,294,296,299,300,301
138,257,298
2,59,86,99,154,166
80,139,197
172
75
10,12,13,18,20,21,33,59,69,101,109,124,125,141,142,149,162,174,176,188,208,222,224,239,243,246,253,260,261,263,271,300,301
142,204
9,39,47,75,78,86,229,265,288
125
54
276
176
64
81,153
280
301
5,18,21,28,32,36,43,46,53,61,64,65,66,68,77,78,84,87,88,95,100,105,106,116,123,124,125,130,138,142,147,151,154,156,157,159,162,168,174,175,179,191,201,202,207,216,218,233,246,250,257,260,270,301
17,41,111,144,167,170,179,202,222,253,266,274
4,5,65,97,112,119,131,133,202,204
109
29,141,175
261
160
283
13,164,224,257
272
1
214,222,269
121,142
39,170,199,253,257
236
105,108,171,192,266
1,4,5,6,7,9,10,17,19,25,33,38,56,64,72,76,81,89,93,96,97,110,113,116,120,125,127,128,130,131,133,143,159,163,168,174,175,176,181,188,198,199,207,211,221,233,235,236,238,239,241,248,250,251,255,256,263,266,268,270,273,279,280,291,294,296,297
142
127
159,238
13,60,125,195,291
133,134,234
172,251
150,192
124
47
125,133
160,264,271
122
285
47,226
36
4
71,134
81,182
22,45,100,111,123,129,162,168,170,185,199,211,222,226,239,250,279,289,296,297,301
216
120
81,176
6,12,22,25,39,52,77,105,118,122,124,142,153,154,158,176,178,194,207,213,219,223,227,233,239,243,246,253,274,301
142,246
5,11,17,26,41,60,76,107,118,125,146,195,198,202,206,222,230,239,243,246,257,289,297
7,47,211
19,170
76,178
236
21,75,121,133,142,186,216,252,273,299
54,130
154
4,5,11,43,55,58,65,111,116,119,149,153,172,176,191,192,206,217,272
100,213
243
197
33,145,157
17
80
3,5,6,10,13,17,18,23,32,33,34,35,40,42,46,48,51,53,64,76,84,89,90,93,96,97,105,107,108,111,116,120,125,127,128,130,133,142,143,146,147,148,149,154,157,159,160,162,166,167,170,176,181,183,191,195,202,205,211,217,218,221,222,228,230,231,232,234,238,239,240,243,245,249,253,254,256,271,273,276,278,283,284,290,291,298,301,302
66
201
235
222
85
13,28,42,43,64,65,98,107,113,142,178,198,200,214,217,249,250,261,294
9,198
35
2,28,174
167
18
5,17,80,202,208,291,301
4,11,32,54,66,68,87,105,119,123,125,127,131,132,133,170,175,179,233,239,255,259,272,276,301
36
19,84,217
6,12,13,20,33,39,47,49,50,51,69,82,88,96,98,105,109,125,128,130,133,142,154,166,177,202,224,233,237,241,244,252,257,261,299
125
168
202
72,110
40,222
160,168
6,19,33,81,102,116,133,154,195,213,231,267
154,212
149
111,225
236
142
7
17
242
262
72
12
45
7
146
163
4,7,10,17,23,32,33,36,38,39,40,70,73,81,82,87,89,90,91,95,97,100,104,111,119,123,124,129,130,131,132,133,134,137,140,147,154,164,170,171,174,176,177,178,179,182,184,186,192,197,198,200,206,219,220,221,225,233,238,239,250,253,254,265,269,270,272,274,280,286,288,294,299,301
77
124,170
270
12,59,62,120,201
5,53,54,62,76,97,109,113,119,124,129,131,138,142,155,180,181,195,198,202,207,217,218,221,233,242,272,302
5,7,8,17,21,25,39,41,43,47,49,66,70,72,75,77,80,82,84,89,91,93,96,97,100,102,107,108,110,111,116,118,121,123,124,125,127,130,131,133,138,142,148,154,162,165,167,168,170,171,172,179,181,191,197,198,201,211,214,218,221,223,233,234,235,236,239,249,251,253,254,258,268,270,271,273,274,279,283,286,291,300,302
235
5,6,7,19,24,28,51,59,76,80,88,89,90,96,123,133,134,137,138,141,146,161,174,188,194,202,207,211,232,248,256,262,273,276,280,294,297,301
253
122
120
178
199
239
90
42
133
111
266
5,17,93,132,202,220,225,270
10,14,19,20,22,26,28,29,33,38,40,41,42,43,47,49,56,60,61,73,75,76,80,85,87,95,101,104,108,109,111,113,116,118,120,121,122,124,125,127,132,133,134,138,139,142,150,153,154,157,160,162,163,165,166,174,175,176,180,181,182,183,199,205,209,210,213,214,217,219,221,223,224,225,231,232,233,234,235,236,239,243,245,248,249,253,258,261,271,272,273,274,276,287,288,290,298,299,300,301
1,273,296
64,96,113
224
195
142,216
1,6,7,13,21,25,28,34,49,52,53,54,58,65,81,105,116,117,119,124,129,130,140,143,147,159,162,170,173,175,186,191,192,194,197,200,211,214,218,227,242,245,255,259,280,285,289,297
133
133
17,38,76,124,135,149,190,201,202,255,272
13,32,47,58,69,105,117,121,122,131,141,142,153,162,166,174,213,218,239,251,252,253,254,265,271,274,301
1,2,3,4,5,6,7,8,9,10,11,12,13,14,15,16,17,18,19,20,21,22,23,24,25,26,27,28,29,30,31,32,33,34,35,36,37,38,39,40,41,42,43,44,45,46,47,48,49,50,51,52,53,54,55,56,57,58,59,60,61,62,63,64,65,66,67,68,69,70,71,72,73,74,75,76,77,78,79,80,81,82,83,84,85,86,87,88,89,90,91,92,93,94,95,96,97,98,99,100,101,102,103,104,105,106,107,108,109,110,111,112,113,114,115,116,117,118,119,120,121,122,123,124,125,126,127,128,129,130,131,132,133,134,135,136,137,138,139,140,141,142,143,144,145,146,147,148,149,150,151,152,153,154,155,156,157,158,159,160,161,162,163,164,165,166,167,168,169,170,171,172,173,174,175,176,177,178,179,180,181,182,183,184,185,186,187,188,189,190,191,192,193,194,195,196,197,198,199,200,201,202,203,204,205,206,207,208,209,210,211,212,213,214,215,216,217,218,219,220,221,222,223,224,225,226,227,228,229,230,231,232,233,234,235,236,237,238,239,240,241,242,243,244,245,246,247,248,249,250,251,252,253,254,255,256,257,258,259,260,261,262,263,264,265,266,267,268,269,270,271,272,273,274,275,276,277,278,279,280,281,282,283,284,285,286,287,288,289,290,291,292,293,294,295,296,297,298,299,300,301,302,303
1,65,87,120,151,154,176,197,239,246,270,296
13,192,253
10,13,21,39,45,51,60,87,90,93,97,100,116,119,121,133,134,139,141,142,162,165,166,171,174,176,183,186,191,207,222,225,231,238,246,253,260,262,274,277,294,301
7,13,17,28,33,50,65,68,83,84,87,104,110,127,130,132,133,134,137,140,141,148,170,171,172,175,179,195,229,239,246,294,301
231
283
1,2,3,6,7,17,34,42,47,80,116,125,133,141,154,160,162,172,175,178,207,233,266,270,271,277,282,289,297,302
300
1,5,9,10,12,17,21,22,23,24,25,33,41,43,47,51,56,60,64,70,72,76,80,81,83,85,87,88,95,100,104,105,107,111,116,117,119,122,124,125,127,128,129,130,132,133,139,141,142,144,148,150,155,157,161,162,165,166,167,168,169,170,171,173,174,176,179,181,183,185,195,207,211,213,216,217,218,222,225,233,236,239,241,246,248,249,250,256,257,260,266,271,274,280,282,291,294,297,298,301
13
82
17,33,34,87,95,123,125,142,159,170,176,195,225,232,233,238,274,277,286,292,294,301
244
130,291
279
143
274
233
40,124,146,294,300,302
89,280
143,165
4,10,18,23,27,39,41,65,66,71,81,82,84,92,111,116,121,122,125,127,133,151,157,168,170,175,178,188,197,213,222,230,254,260,272,282,287,300
1,56,97,111,133,163,239,241
13,17,20,32,35,61,82,86,113,116,124,130,133,168,176,182,191,198,209,211,217,229,255,283,301,303
122
1,7,10,11,13,26,34,47,53,56,58,59,97,98,116,119,121,154,160,167,190,202,207,229,256,261,264,276
253
88
164
76
192
12,45
105,124,141,150,160,179,188,218,222
4,29,34,42,47,55,111,131,160,170,176,207,233,234,239,240,277,283,291,295,301
23,24,29,52,66,71,79,82,97,111,122,127,130,133,139,142,165,168,202,222,224,286,301,302
46
32
139
17,33,35,50,65,72,200,241
46
142
133
96
1,301
37,55,116,125,142,154,220,266,273,300
301
22
181
24,95,104,125,158,174,182,185,202,211,226,238,248,266,286
144
68,109,121,222
206
9,23,33,39,45,97,105,107,111,122,153,154,166,176,199,218,220,239,286,297
125,278
2,7,23,27,33,34,35,52,65,116,133,139,142,174,176,178,186,211,222,228,238,242,245,248,254,266,277,294
214
130,144,246
222
192,300
227
17,45,50,54,76,111,116,117,133,145,166,170,176,186,214,218,219,227,239,244,252,256,261,270,271,274,284,286,288,297
2,6,24,26,29,39,41,42,76,77,89,103,122,130,133,138,140,142,149,160,168,169,171,176,179,186,191,201,208,218,239,245,249,263,277,278,279,282,284,286
18
24,25,26,50,52,54,55,57,60,68,69,73,77,96,98,101,118,122,125,127,133,138,150,154,162,164,165,167,170,176,182,195,200,202,211,218,222,233,237,239,265,268,271,277,283,284,301
133,175
233,269
271
5
5,116,301
180
197,266
132
45,67,129
174
17
150
105
84
89
22,59
147,190
188
5,12,16,17,22,24,27,32,38,49,57,58,60,64,65,73,85,89,97,105,107,108,110,111,116,119,125,127,131,134,148,157,162,168,188,205,207,213,217,238,243,244,245,246,248,250,253,262,267,268,272,274,282,283,286,289,294
5,9,23,38,53,69,81,111,119,122,125,133,142,150,154,159,162,174,177,202,207,216,230,233,246,247,253,259,269,289,296,302
261
5,6,13,55,87,119,121,124,127,142,147,169,175,184,197,199,213,238,257,258,280,283,286,289,299,301,302
24,49,50,111,130,142,170,188,191,195,197,198,213,219,222,223,224,227,228,233,234,239,240,251,273,296
2,133
1,2,13,17,18,21,23,26,33,34,41,48,50,53,56,59,61,63,64,69,77,80,87,90,93,102,104,105,107,111,113,116,117,122,124,125,126,127,130,133,138,148,151,153,154,155,157,159,160,172,176,178,179,182,183,186,195,197,200,205,207,212,214,216,221,224,235,238,239,243,245,249,251,253,256,260,261,270,271,272,273,274,286,287,289,296,298,301
82,127,285,286
105,111,233
5,7,76,84,143,182,192,195,202,284
101,104,105,120,133,193,209,239,253,287
66
41
142,164
13,17,18,20,22,24,36,38,40,52,54,55,61,66,80,81,87,97,99,100,101,105,107,109,111,118,124,125,127,129,131,133,142,147,154,167,168,171,172,176,181,185,202,205,221,231,236,239,251,253,254,256,257,260,261,268,269,271,275,278,285,286,291,299,300,301
6,7,13,17,23,25,26,29,46,47,73,76,81,97,98,100,101,107,113,116,120,121,125,130,133,138,142,150,160,166,170,179,181,185,187,197,205,208,218,222,233,240,241,244,246,247,249,263,283,284,297,300,301
298
66
7,17,59,216
133,200
251
278
176
147
226
5,7,28,35,40,52,56,60,77,84,94,95,104,111,127,133,134,147,149,159,167,168,170,173,179,190,191,211,222,226,233,239,248,253,257,277,291,294
6,27,45,69,85,111,155,185,202,247
86,140,181,229,301
185
17,131,191,207
5,6,7,8,10,17,19,20,23,25,33,41,45,47,53,56,63,75,85,87,88,93,95,101,104,105,117,122,124,125,127,130,132,133,137,142,144,146,149,154,160,166,167,175,189,192,195,197,199,200,203,205,207,214,219,222,225,226,227,230,233,234,235,237,239,241,243,252,253,257,260,263,280,284,286,289,296,297,300,301
101,124
242
75,133,176,180
1,2,5,7,13,17,18,23,29,32,37,41,42,45,46,48,50,51,60,62,64,65,68,70,75,78,80,83,84,87,93,95,97,98,100,101,102,103,105,111,114,121,122,123,124,125,128,133,137,139,142,148,150,154,155,158,159,160,163,164,165,166,167,168,171,172,173,174,176,179,180,181,185,188,191,192,195,197,199,201,205,207,208,211,213,214,217,220,221,222,225,226,227,231,232,233,234,235,236,239,241,246,249,253,256,257,263,267,274,276,280,284,286,289,291,294,299,300,301,302
174,255,286
170
127
242
53
174
23
285
294
2,3,6,9,13,17,23,26,27,28,47,54,61,62,70,74,75,76,85,87,96,97,98,100,119,127,130,132,133,138,139,142,143,149,151,154,155,159,168,175,176,180,181,191,195,199,202,207,208,213,218,223,226,237,239,240,253,257,259,261,263,269,272,276,277,278,287,294,299
142,150
25,39,40,211
26,124,226,229,269
5,53,87,133,139,142,144,185,202,232,233,234,244,271
4,7,17,34,56,62,64,65,81,82,85,103,105,107,119,122,124,125,131,134,137,147,153,154,172,176,178,183,185,186,194,198,215,217,218,219,222,233,238,245,253,256,259,280,283,289,294,297,301
109
1,2,5,7,9,17,21,23,29,33,37,39,41,45,46,50,55,56,61,62,65,67,77,82,87,90,105,121,122,125,127,133,136,137,142,147,148,153,154,157,160,163,165,172,174,175,176,182,188,197,198,200,201,202,208,211,220,222,224,225,226,227,230,231,233,234,245,246,249,253,256,266,271,272,273,278,280,283,285,286,301
268,296
8
51,93,111
7,17,60,61,64,76,95,98,106,111,127,142,170,172,190,241,250,256,271,293
121,181,182
1,5,7,10,65,87,105,125,149,154,159,167,185,201,229,231,253,286
205
4,154
142
4,5,6,7,13,53,110,116,119,132,138,142,144,160,167,176,178,228,238,241,244,253,271,288,295,298
246
166,234
109
1,5,17,20,21,25,26,28,35,36,48,59,76,77,80,81,106,119,124,127,130,134,142,144,147,159,180,185,194,198,202,213,215,216,220,225,227,228,230,232,239,240,242,255,257,260,265,268,272,277,282,283,286,294,300
63
250
64,288
286
301
261
5,56,70,72,105,144,194,202
175,200
179
165
9
1,2,5,6,7,15,17,21,29,33,35,37,38,39,44,45,46,50,52,53,55,64,65,67,68,69,73,76,79,81,84,88,89,92,93,97,98,99,105,107,111,117,119,120,121,124,125,130,133,134,137,138,139,140,141,142,143,144,149,150,153,156,157,158,160,163,167,168,176,178,179,180,181,184,185,186,194,197,201,204,207,208,211,214,217,220,221,222,223,225,229,230,233,238,239,241,242,251,255,256,261,263,266,272,276,281,282,286,287,290,291,301,302
301
5,9,39,48,56,80,106,132,140,168,181,202,230,237,239,253,286
5,7,11,12,18,26,32,54,60,96,111,119,123,124,129,134,138,147,154,159,160,168,176,178,180,182,191,202,211,215,216,238,256,271,280,282,285,293,301,302
168,221,281
6,7,12,20,21,26,39,45,46,51,55,57,64,73,87,89,90,99,101,105,121,125,127,129,130,133,139,142,148,154,162,171,172,174,175,176,180,182,185,190,192,197,199,200,201,207,216,221,223,228,231,238,239,244,252,253,256,259,264,271,273,283,284,285,289,292,294,295,296,301
285
168,291
218
5,18,65,85,116,125,167,226,249
53
26,105,171
250
125
5,142,144,188,202,272,286
233
108,141
34,80,264
1,20,246,284,291
243
142
4,7,8,9,12,13,15,18,19,20,21,23,24,29,37,41,43,49,54,61,69,74,75,82,84,85,87,88,89,94,96,97,102,111,119,120,121,125,129,130,132,139,140,142,143,155,164,166,168,171,182,197,207,208,209,211,214,215,216,218,221,222,225,227,229,233,241,243,246,249,253,255,259,263,266,272,276,282,283,284,286,294,296,297,299,300,301
70,133,166,200
277
95
1,6,17,28,29,33,40,48,59,60,64,66,69,72,86,87,100,105,122,125,128,130,133,140,142,154,166,167,171,172,175,176,183,195,201,207,213,218,220,233,244,250,254,269,270,276,285,286,294,296,297,298,299
99
301
131
23,111,138
207
238
5,6,13,18,26,32,34,39,64,65,76,107,119,124,133,160,162,168,176,178,187,211,218,236,242,250,253,260,261,263,267,278,294
2
58
125,129,139,176,199
1,9,17,19,21,23,26,32,35,36,50,55,61,72,75,80,88,92,97,98,100,105,111,113,119,120,123,124,125,126,128,132,133,142,143,144,148,155,160,167,172,174,180,183,185,186,187,196,200,204,220,221,222,226,233,236,239,248,250,253,254,258,277,279,286,287,291,294,299,301
162
4,41,63,100,122,183,254
213
154
145
32,35,73,91,105,111,148,175,183,207,214,216,218,219,224,270,300
37
219
25,166,185,209
76
149,173,232
224
233
39
291
217
37,84
5,202,271
1,243
264
20,120,184,195,291
23,24,42
4,5,25,32,41,52,68,73,97,105,116,119,122,127,133,142,147,160,175,178,187,192,195,197,199,214,215,223,233,236,238,250,261,265,278,280,286,301
20,47,102,191
110
1,2,5,6,7,10,12,17,18,20,23,25,32,35,37,38,41,43,46,48,52,53,59,64,76,81,82,87,96,102,105,107,109,111,119,122,124,125,127,130,132,133,140,142,148,149,156,158,167,170,171,174,175,176,183,190,192,199,201,218,222,226,228,229,234,236,238,239,246,249,251,255,259,260,264,268,271,276,279,280,281,282,283,285,287,289,298,301
88,125,207
60,125,231
77,111,157,239
286
162
21
290
5,130,132,142,202,215,274
118
5,17,29,52,61,66,111,130,142,154,170,186,188,198,235,239,246,299
232
26,158
88,117,295
3,42,84,85,87,116,127,167,173,221,226,259,260
253
34,85,125,151,158
104
1,2,4,5,9,17,23,24,26,33,35,36,39,43,47,48,49,50,51,52,58,62,65,67,69,75,76,81,85,89,90,93,96,97,104,108,110,111,116,118,119,121,123,125,128,132,133,134,138,139,141,142,143,144,146,154,160,164,167,168,170,174,176,177,178,182,186,192,194,197,199,205,207,209,213,221,222,226,227,235,236,239,243,245,248,251,254,256,263,265,267,271,278,280,282,284,286,287,288,289,294,295,297,300,301
202
17,107
68
233
196
22
192
76
10
6,10,33,43,49,50,56,58,75,76,78,100,101,105,122,125,130,141,144,145,189,218,219,222,267,270,292
139
17,283
227,299
48
5,7,10,11,16,17,24,28,30,31,36,37,39,41,44,50,51,54,55,56,60,64,67,68,75,76,83,87,88,93,96,99,101,108,111,115,117,119,122,123,124,125,127,131,133,137,139,140,142,145,148,153,155,159,160,165,166,170,172,175,176,179,186,187,194,195,196,197,198,199,208,210,211,213,218,222,224,225,226,233,235,239,240,241,249,251,253,254,259,261,263,264,265,269,276,283,284,285,288,289,291,292,296,299,300,301
5,26,54,103,122,124,130,133,158,166,167,183,194,195,201,202,211,220,221,231,239,255,290,293,301
23,47,159
162
17,130,222,296,301
60,84
253
129
3,6,7,12,13,17,23,29,32,40,42,45,46,53,54,65,69,80,82,84,93,95,105,108,109,110,111,114,116,117,119,122,125,129,130,132,133,139,142,154,160,163,166,167,170,174,180,182,185,188,190,194,195,197,199,200,208,211,215,217,218,221,222,225,228,235,241,242,248,254,258,261,270,272,278,279,281,286,291,294,295,297,298
176
213
261
5,6,17,20,21,23,26,32,34,36,39,54,61,75,76,82,87,89,90,98,105,112,120,122,131,133,141,155,157,166,172,186,202,213,216,219,223,235,239,245,246,251,255,257,260,276,277,283,303
18
174
64,97
127
111,227,290
61,108,124,125,178,187,216,229
2,55,69,85,129,211,227,294
142,214
134,216
108
81
101
286
17,107,146
1,7,17,22,32,51,82,111,121,130,134,142,156,159,162,176,181,182,197,239,243,263,272,276,286,298
125
82,168
123
122,133,160,265
5,17,29,64,72,75,93,99,105,108,110,121,122,127,130,139,144,154,186,188,191,216,218,224,239,243,266
230
296
90
6,9,12,17,23,25,26,35,42,56,64,66,68,76,81,88,90,97,111,121,123,125,131,132,133,139,162,166,167,170,174,178,181,192,199,211,216,228,229,230,232,238,239,249,253,260,265,285,286,294,299,300
201
9,49,67,150,188,199,274,301
174
18,60,236
144,233
210,228
301
158
140,167
22,241
197
17,26,32,48,70,76,81,88,105,115,119,122,124,133,154,198,201,248,274,276,280,292,302
285,291
75
1,2,6,7,23,25,26,27,42,45,46,47,50,51,53,54,55,58,63,64,65,70,72,73,75,76,77,84,97,101,102,104,107,110,111,116,119,123,124,129,130,131,133,141,142,144,146,154,164,168,170,176,177,178,179,181,182,183,184,185,188,189,195,197,198,207,213,214,216,219,224,226,232,233,235,239,240,243,244,246,250,253,255,256,264,265,266,268,269,270,272,274,277,278,279,283,286,289,291,294,296,301,302
80
191
166,289
127
1,2,4,5,6,9,10,16,17,20,24,25,35,36,41,42,43,44,47,51,61,64,67,68,69,70,71,73,78,80,81,82,89,93,96,98,99,100,104,105,108,111,118,119,125,127,128,130,131,133,139,142,144,149,151,153,154,159,160,162,166,168,176,179,180,181,185,201,202,207,209,211,213,218,225,228,230,233,236,239,244,245,251,253,255,256,260,264,269,270,274,276,280,282,283,286,287,290,300,301
211
4,5,7,18,19,23,25,34,44,46,49,52,53,64,65,69,71,73,76,77,81,93,95,96,99,101,109,110,111,117,119,122,127,129,133,134,139,141,142,149,151,154,159,170,171,172,174,178,182,193,194,197,199,202,207,209,213,218,221,222,227,238,239,246,248,250,251,253,254,256,257,259,265,266,267,269,272,276,277,289,293,294,296,301
2,10,23,29,47,65,115,116,124,148,251,275,285
23
175
23,119,174,251
29,142
4,5,7,17,18,20,25,33,46,49,51,53,54,60,65,74,76,81,85,87,97,104,105,111,117,121,125,127,128,133,138,144,163,166,181,183,197,198,205,216,218,224,231,232,236,245,253,254,255,256,257,261,270,271,272,278,283,285,287,290,294
297
13,31,33,40,65,75,107,111,119,121,131,133,146,170,172,202,220,222,234,237,239,249,271
287
10,86,87,88,107,113,119,129,133,159,174,269,278
105,225
5,7,13,17,25,29,33,39,40,41,56,72,76,77,78,79,80,82,95,97,101,106,118,119,125,127,130,133,142,144,148,150,154,157,165,168,172,176,188,198,202,207,211,219,222,233,249,250,252,253,261,264,267,270,271,274,286,300
5,6,10,13,18,21,23,25,26,28,32,34,37,39,41,45,46,47,48,49,51,59,61,64,66,74,78,81,96,101,104,105,106,110,111,117,118,123,125,127,129,130,131,133,141,142,150,154,155,164,168,170,175,176,182,191,197,199,201,206,207,210,216,217,218,227,228,230,233,238,243,244,246,249,250,251,253,260,266,270,278,279,282,286,287,302
167
7,38,40,44,81,94,103,105,118,122,124,141,142,154,168,172,174,176,181,192,194,198,207,208,214,216,218,232,233,246,256,279,287,288
53,117
159,291
66,152,224
66
26,51
223
54,75
1,6,7,10,23,26,33,45,53,56,70,76,77,87,98,105,111,114,116,118,122,125,128,129,133,139,142,143,148,164,166,170,176,178,195,211,218,221,226,229,233,239,242,245,251,253,259,263,264,265,271,280,281,288,291,303
179,286
5,17,18,79,142,181,185,202,228
7,25,39,40,48,50,54,60,67,68,76,81,87,88,95,110,116,122,123,124,125,129,131,139,142,144,149,160,176,178,180,183,184,208,213,216,232,236,239,250,252,259,274,282,285,302
66
40
282
51,192
125
5,42
154,174
172
6,17,20,71,78,87,95,97,101,104,105,111,112,122,124,130,133,142,166,168,185,211,218,224,228,250,271,287,289,291,301
5,6,7,8,13,17,21,26,29,33,34,35,36,40,43,45,46,48,49,51,52,56,60,61,64,66,68,75,78,87,90,95,100,101,105,108,110,111,123,124,125,128,130,131,132,133,138,160,162,167,170,171,176,180,185,188,192,196,199,205,207,211,221,224,227,228,230,232,233,236,239,243,250,251,252,261,265,267,268,271,272,274,277,282,285,286,288,294,301
127
33
6,10,26,65,76,81,95,101,108,130,175,202,247,274,294
7,58
71
4,39,43,58,74,80,93,105,119,125,127,130,166,174,198,199,210,218,223,228,233,256,260,269,270,276,280,282,301
225
17,86,216
109
17,52,70,76,127,146,202,222,233,248,276
5,7,15,40,76,78,142,150,202,230
233
1
2,3,7,12,17,25,33,38,39,42,50,54,59,67,81,82,84,90,95,97,104,105,106,109,116,122,125,141,142,148,163,169,174,197,198,203,205,213,216,218,241,242,245,246,249,251,259,264,270,272,283,286,287,296,301,302
54,233,271
23
220
5,38,104,125,132,147,179,202,215,221,248,253
7,20,62,97,108,111,116,125,140,146,150,168,170,181,248,261,273,289
81,106
216
17,174
200
123,146,157
5,12,17,18,22,23,35,38,46,48,51,62,70,124,125,133,142,160,162,172,175,180,197,198,202,207,211,224,231,239,243,264
261,266
13,89,219
28,54,110
94,198
131
77,129,142,151
154
133
25,122
7,11,13,37,62,66,111,124,127,130,146,149,155,168,189,222,224,234,239,243,246,251,263,282,283,287,290,294
133
15,195,289
282
239
131,166
124
23
107
48,225
5
6,7,20,32,34,50,54,67,69,77,84,105,111,119,129,132,133,150,154,166,167,172,191,195,222,224,233,239,242,253,257,271,275,295,296,302
111,147,171,261
45,69,77,80,84,111,125,168,170,174,206,239,282
7,21,36,38,61,67,70,86,87,98,119,121,122,142,143,168,184,189,199,204,211,213,224,251,266,271,299,300
134,265
5,71,80,117,171,176,202,227,247,293
24
52,271
219,232,301
21
232
111,146,294
144
157,190
131
127,200
9,235
99,175,247
181
5,22,28,29,32,66,67,85,97,102,121,130,148,217,223,253
216,271
97,118,225
5,6,19,22,25,29,31,32,43,49,51,52,61,65,67,70,75,81,82,85,90,99,108,113,116,117,118,119,122,123,125,129,135,139,141,142,143,144,154,158,159,160,163,164,166,167,168,173,175,176,180,186,191,197,200,205,207,213,214,221,223,229,230,236,239,254,255,256,259,262,263,265,268,269,271,273,279,284,291,294
207,241
5,32,39,46,48,50,116,154,166
5,17,42,67,79,111,133,154,174,176,208,224,236,243,259,295
54
52
162
49
175
7,101
199
1,13,22,23,24,26,38,39,42,50,53,64,66,75,80,81,82,85,87,90,95,97,107,108,109,111,122,125,127,129,132,133,137,142,147,154,157,159,164,170,171,174,176,177,178,181,182,186,193,194,199,200,201,207,208,219,224,225,227,230,234,235,238,239,242,249,253,254,259,260,266,269,271,272,286,290,294,299,301
144
249
271,288
131,256
17,95
88,188,211,222,244
109
1,6,7,17,19,29,30,55,58,60,76,87,90,99,100,105,110,122,131,133,135,142,153,164,182,185,192,218,236,240,250,269,271,274,276,279,290,294
54
76,136
12,17,36,66,86,104,119,127,133,139,140,167,179,198,207,211,213,233,239,248,254,255,264,270,272,281,301
133
105,118,140,218,230,259
130
142
7,15,24,87,125,137,139,172,221,222,238,255,283
270
28,142
181
125
6,31,35,56,64,85,93,99,105,118,119,120,121,133,134,142,151,162,163,166,168,182,199,207,220,224,234,248,256,262,271,299
185
271
294
167
105
127,272
284
87,98,149,207
141
57,218
29,111
1,6,7,8,9,12,17,19,20,22,25,32,41,45,47,48,55,56,58,66,67,70,77,80,81,85,95,97,100,101,105,106,119,124,125,127,128,129,132,133,134,135,138,140,142,146,147,153,157,164,165,168,172,175,176,183,191,192,194,197,199,201,202,205,207,208,218,220,221,225,235,239,245,246,251,254,255,265,268,271,274,280,286,288,291,294,295,296,299,301,302
125
124
137
70,125,239
238,239
141
141
5,7,17,19,26,33,38,41,43,56,57,65,67,70,73,75,87,90,95,97,98,102,116,124,125,130,131,142,149,150,165,166,167,175,176,178,180,188,191,195,202,207,211,217,218,220,222,225,230,233,234,238,251,253,260,262,263,265,268,275,279,280,283,285,286,289,291,294,297,299,301,303
36
256,301
172
7,81,109,125,142,166,256,301
2,7,10,13,21,23,25,28,34,48,50,64,71,74,82,87,90,95,102,105,107,108,117,119,122,125,127,137,144,145,150,154,168,171,174,176,186,198,201,203,207,209,218,221,223,231,232,233,235,236,267,271,272,274,276,283,289,294,298,302
5
133
6
1,2,3,6,7,12,17,18,25,26,36,38,39,41,47,50,54,56,61,67,68,71,76,77,89,100,101,108,109,110,111,116,119,120,122,125,131,138,141,142,144,154,159,160,166,168,170,171,173,176,182,183,187,197,199,216,220,223,225,229,232,233,239,241,253,256,260,262,271,272,279,282,286,289,294,296,300,301
9,10,20,61,65,69,76,85,109,116,129,146,154,168,182,209,216,223,225,226,228,243,246,249,250,257,265,268,271,272,273,280,283
227
19
260
64
181,280
125
271
192
73
228
218
98,235
124,242,285
124
297
1,6,13,67,70,71,76,81,105,106,121,128,130,138,142,160,167,168,175,203,211,224,240,245,258,271,291,295
32,85,105,140,160,172,195,201,207,218,271
81
176
220
19
5,17,24,51,56,64,142,159,170,172,194,218,233,239,274,290
197
122
35,119,125,131,182,227
301
46,189
268
282
132
61
7
239,253,296
1,5,33,70,81,96,99,107,135,140,142,154,167,202,220,227,232,236,248,264,277,283,299
179
58
1,4,21,41,49,52,64,69,70,81,82,105,119,125,133,139,154,157,171,174,175,176,213,218,230,233,239,241,242,244,246,270,274,278,283,286
296
283,288
191
284
72
1
19,110
5,6,7,10,17,18,19,20,29,31,32,33,37,38,39,49,65,68,72,81,87,94,100,101,105,122,124,130,138,142,149,163,166,170,172,176,178,188,196,199,205,207,209,211,214,218,219,222,228,236,238,242,249,263,272,274,278,283,296,300
104,108,130
132
233

174
120
1,261
5,45,47,50,52,56,76,87,97,101,104,111,121,125,133,142,146,165,170,197,202,238,285,290
77
170
222
28
191
283
133
248,274
176
108
23
170,301
7,160
160
202
61
271
17,274
232
1,4,5,7,9,20,21,29,33,41,42,46,50,52,54,68,73,79,86,87,89,96,97,109,115,116,124,125,129,130,139,145,147,149,154,155,160,166,174,175,176,180,183,191,198,203,209,219,220,221,228,229,233,234,240,249,250,254,256,259,262,266,267,274,278,280,283,287,291,296,297,299,302
102
1,5,20,22,48,60,73,99,132,133,149,153,183,230,271,279
211
138,222
216,246,265
297
178
146
7,17,33,105,142,154,172,197,217,244
253
151
122
125,176,211,299
42,133,180
30
36,46,61,64,65,87,90,111,127,138,139,145,170,175,185,209,213,222,239,243,266,274,283,285,296,301
76,89,117,133,195,235
222
1,7,34,35,62,65,116,133,151,176,222,246,278,285
45,184
161,255
2
92
139
13,18,19,23,24,34,45,77,89,98,105,109,130,133,141,143,147,154,185,205,214,216,230,236,243,245,246,262,274,279,282,294
50
157
301
40
104
233
56,105
28
80
76
121,154,265
271
224,238
181
42
222
142,251,287
51,287
6,64,70,95,108,111,125,159,170,172,178,198,208,232,239,263,268
198,227
7,23,26,38,46,87,95,110,124,127,131,154,155,157,167,177,179,180,202,213,219,231,243,248,272,289,291
39,45,50,51,73,76,88,89,90,96,111,125,147,170,199,224,232,237,238,239,254,271,280
51,73,105,133,164,218,283
116,149,159,218,296
1,5,6,17,18,26,34,35,40,43,44,45,48,50,52,56,60,62,64,66,68,72,76,82,86,87,89,94,96,99,102,104,110,114,117,118,119,121,123,125,130,133,134,138,141,142,149,154,156,159,160,165,172,174,176,178,180,187,191,197,205,207,216,219,222,223,224,226,230,232,233,234,236,241,243,244,250,263,264,271,274,283,297,303
164,272
105,125,176,202,237,241
129,193
233
5,7,19,20,23,42,45,50,56,61,62,87,90,97,107,111,124,127,144,147,151,159,171,196,202,207,211,218,227,242,248,253,261,266,268,273,274,290
111,133,191,301
49,257
23,43,95,230,246
231
202
5,84,133,166,174,202,213,234,236,275,289,300
76,81
207
244
260
2,5,17,21,48,75,82,84,85,87,97,99,111,119,125,138,142,149,162,165,166,168,176,197,202,211,214,222,224,225,230,232,233,234,239,246,256,267,271
111
50,169
164
148
34
254
29
75
34,98,125,148,238
259
153
55
166,239
150
187
133
9,32,46,87,116,119,125,127,148,253,269
89
85
100
140,167
89
111
133,204
75
1,2,6,7,13,17,20,22,32,33,35,36,48,52,54,55,56,64,68,72,74,80,82,87,88,89,90,93,96,97,98,99,104,107,108,110,111,116,120,121,124,125,127,129,130,132,133,134,140,141,142,144,151,152,154,157,158,160,165,166,167,170,172,174,176,179,183,185,186,192,197,198,199,204,207,211,214,219,225,230,231,232,233,236,239,246,248,249,253,257,259,261,262,263,266,271,272,274,279,283,284,294,295,296,297,301,302
59,93
75
23,122
207,301
68,215,227,289
134,169
93,147
147,198
52,231
125
301
115
111,170,239
1,2,5,7,9,10,13,14,17,28,29,32,33,51,53,59,68,75,76,77,80,84,85,87,89,90,105,108,111,113,118,119,121,122,124,125,127,128,129,132,133,140,141,142,143,148,151,154,155,160,166,167,170,171,174,176,180,186,195,198,199,208,218,221,224,228,233,235,236,241,242,243,261,271,277,283,286,290,296,297
119
253
111,249
47
25,35,36,245
71,277
172
142
264
20
1,33,70,140,167,171,211,294
261
72
287
7,17,26,55,68,86,97,124,127,148,154,168,182,184,198,229,280,301
288
120,221
5,59,108,111,124,142,168,195,202,211,228,239,268
125
236
131,280
113,123
125
18,68,245
40,198
234,286,300
119,166
226
76,122,259
27,29,77,81,121,170,239,271,286
56
174
128
34,110,218
101
62,118
198
4,6,7,13,16,18,23,32,41,42,46,49,50,64,75,91,96,97,99,109,110,111,113,119,124,125,130,131,133,138,140,142,144,157,160,162,166,167,170,174,176,177,178,179,180,183,185,190,192,208,210,211,219,222,231,233,234,237,239,242,243,246,248,253,256,264,266,270,286,289,295,296,299,301
11
56,231
188
26,129
140,167,251
111,260
56
207
138
139
127,153,254
33
4,5,6,7,11,17,22,24,25,28,36,39,42,49,55,62,63,67,68,75,80,81,93,97,108,111,116,117,118,121,122,125,127,130,133,134,142,150,154,160,164,170,171,172,174,176,180,182,186,206,207,208,213,214,222,223,227,230,233,234,235,243,246,265,266,270,292,294,299,300,301
1,5,6,12,21,23,33,36,39,40,45,46,49,50,55,56,61,62,64,66,75,80,84,92,93,97,102,105,112,119,122,124,129,133,140,141,142,148,149,151,154,160,166,167,176,182,184,199,210,211,213,216,217,224,225,234,236,241,242,249,251,253,257,258,260,261,262,266,268,269,271,278,284,286,296,300,301,302
5,105,117,130,137,155,202,220,239,286,287
